0
0
0
0
0
0
0
0
0
0
0
1
2
3
4
5
6
7
8
8
8
8
9
10
11
12
13
14
15
15
15
15
15
16
17
18
19
20
21
21
21
21
21
21
22
23
24
25
26
26
26
26
26
26
26
27
28
29
30
30
30
30
30
30
30
30
31
32
33
33
33
33
33
33
33
33
33
34
35
35
35
35
35
35
35
35
35
35
36
36
36
36
36
36
36
36
36
36
36
36
37
39
41
43
45
47
49
51
53
53
53
55
57
59
61
63
65
67
69
70
71
73
76
79
82
85
88
91
94
95
96
98
100
103
106
109
112
115
118
119
120
122
124
126
129
132
135
138
141
142
143
145
147
149
151
154
157
160
163
164
165
167
169
171
173
175
178
181
184
185
186
188
190
192
194
196
198
201
204
205
206
208
210
212
214
216
218
220
223
224
225
227
229
231
233
235
237
239
241
241
242
243
245
247
249
251
253
255
257
257
257
258
260
262
264
266
268
270
272
272
272
272
274
276
278
280
282
284
286
287
288
289
291
294
297
300
303
306
309
310
311
312
314
316
319
322
325
328
331
332
333
334
336
338
340
343
346
349
352
353
354
355
357
359
361
363
366
369
372
373
374
375
377
379
381
383
385
388
391
392
393
394
396
398
400
402
404
406
409
410
411
412
414
416
418
420
422
424
426
426
427
428
429
431
433
435
437
439
441
441
441
442
443
445
447
449
451
453
455
455
455
455
456
458
460
462
464
466
468
468
468
468
468
470
472
474
476
478
480
481
482
483
484
486
489
492
495
498
501
502
503
504
505
507
509
512
515
518
521
522
523
524
525
527
529
531
534
537
540
541
542
543
544
546
548
550
552
555
558
559
560
561
562
564
566
568
570
572
575
576
577
578
579
581
583
585
587
589
591
591
592
593
594
595
597
599
601
603
605
605
605
606
607
608
610
612
614
616
618
618
618
618
619
620
622
624
626
628
630
630
630
630
630
631
633
635
637
639
641
641
641
641
641
641
643
645
647
649
651
652
653
654
655
656
658
661
664
667
670
671
672
673
674
675
677
679
682
685
688
689
690
691
692
693
695
697
699
702
705
706
707
708
709
710
712
714
716
718
721
722
723
724
725
726
728
730
732
734
736
736
737
738
739
740
741
743
745
747
749
749
749
750
751
752
753
755
757
759
761
761
761
761
762
763
764
766
768
770
772
772
772
772
772
773
774
776
778
780
782
782
782
782
782
782
783
785
787
789
791
791
791
791
791
791
791
793
795
797
799
800
801
802
803
804
805
807
810
813
816
817
818
819
820
821
822
824
826
829
832
833
834
835
836
837
838
840
842
844
847
848
849
850
851
852
853
855
857
859
861
861
862
863
864
865
866
867
869
871
873
873
873
874
875
876
877
878
880
882
884
884
884
884
885
886
887
888
890
892
894
894
894
894
894
895
896
897
899
901
903
903
903
903
903
903
904
905
907
909
911
911
911
911
911
911
911
912
914
916
918
918
918
918
918
918
918
918
920
922
924
925
926
927
928
929
930
931
933
936
939
940
941
942
943
944
945
946
948
950
953
954
955
956
957
958
959
960
962
964
966
966
967
968
969
970
971
972
973
975
977
977
977
978
979
980
981
982
983
985
987
987
987
987
988
989
990
991
992
994
996
996
996
996
996
997
998
999
1000
1002
1004
1004
1004
1004
1004
1004
1005
1006
1007
1009
1011
1011
1011
1011
1011
1011
1011
1012
1013
1015
1017
1017
1017
1017
1017
1017
1017
1017
1018
1020
1022
1022
1022
1022
1022
1022
1022
1022
1022
1024
1026
1027
1028
1029
1030
1031
1032
1033
1034
1036
1039
1040
1041
1042
1043
1044
1045
1046
1047
1049
1051
1051
1052
1053
1054
1055
1056
1057
1058
1059
1061
1061
1061
1062
1063
1064
1065
1066
1067
1068
1070
1070
1070
1070
1071
1072
1073
1074
1075
1076
1078
1078
1078
1078
1078
1079
1080
1081
1082
1083
1085
1085
1085
1085
1085
1085
1086
1087
1088
1089
1091
1091
1091
1091
1091
1091
1091
1092
1093
1094
1096
1096
1096
1096
1096
1096
1096
1096
1097
1098
1100
1100
1100
1100
1100
1100
1100
1100
1100
1101
1103
1103
1103
1103
1103
1103
1103
1103
1103
1103
1105
1106
1107
1108
1109
1110
1111
1112
1113
1114
1116
1116
1117
1118
1119
1120
1121
1122
1123
1124
1125
1125
1125
1126
1127
1128
1129
1130
1131
1132
1133
1133
1133
1133
1134
1135
1136
1137
1138
1139
1140
1140
1140
1140
1140
1141
1142
1143
1144
1145
1146
1146
1146
1146
1146
1146
1147
1148
1149
1150
1151
1151
1151
1151
1151
1151
1151
1152
1153
1154
1155
1155
1155
1155
1155
1155
1155
1155
1156
1157
1158
1158
1158
1158
1158
1158
1158
1158
1158
1159
1160
1160
1160
1160
1160
1160
1160
1160
1160
1160
1161
1161
1161
1161
1161
1161
1161
1161
1161
1161
1161
1161
1163
1166
1169
1172
1175
1178
1181
1184
1187
1188
1190
1194
1198
1202
1206
1210
1214
1218
1222
1224
1227
1231
1236
1241
1246
1251
1256
1261
1266
1268
1271
1275
1279
1284
1289
1294
1299
1304
1309
1311
1314
1318
1322
1326
1331
1336
1341
1346
1351
1353
1356
1360
1364
1368
1372
1377
1382
1387
1392
1394
1397
1401
1405
1409
1413
1417
1422
1427
1432
1434
1437
1441
1445
1449
1453
1457
1461
1466
1471
1473
1476
1480
1484
1488
1492
1496
1500
1504
1509
1511
1514
1518
1522
1526
1530
1534
1538
1542
1546
1546
1547
1550
1553
1556
1559
1562
1565
1568
1571
1571
1571
1574
1577
1580
1583
1586
1589
1592
1595
1597
1599
1603
1608
1613
1618
1623
1628
1633
1638
1640
1642
1646
1650
1655
1660
1665
1670
1675
1680
1682
1684
1688
1692
1696
1701
1706
1711
1716
1721
1723
1725
1729
1733
1737
1741
1746
1751
1756
1761
1763
1765
1769
1773
1777
1781
1785
1790
1795
1800
1802
1804
1808
1812
1816
1820
1824
1828
1833
1838
1840
1842
1846
1850
1854
1858
1862
1866
1870
1875
1877
1879
1883
1887
1891
1895
1899
1903
1907
1911
1912
1914
1917
1921
1925
1929
1933
1937
1941
1945
1946
1947
1950
1954
1958
1962
1966
1970
1974
1978
1980
1982
1985
1990
1995
2000
2005
2010
2015
2020
2023
2026
2030
2035
2041
2047
2053
2059
2065
2071
2074
2077
2081
2086
2091
2097
2103
2109
2115
2121
2124
2127
2131
2136
2141
2146
2152
2158
2164
2170
2173
2176
2180
2185
2190
2195
2200
2206
2212
2218
2221
2224
2228
2233
2238
2243
2248
2253
2259
2265
2268
2271
2275
2280
2285
2290
2295
2300
2305
2311
2314
2317
2321
2326
2331
2336
2341
2346
2351
2356
2357
2359
2362
2365
2369
2373
2377
2381
2385
2389
2390
2391
2394
2397
2401
2405
2409
2413
2417
2421
2423
2425
2428
2432
2437
2442
2447
2452
2457
2462
2464
2466
2469
2472
2477
2482
2487
2492
2497
2502
2505
2508
2512
2516
2521
2527
2533
2539
2545
2551
2554
2557
2561
2565
2570
2575
2581
2587
2593
2599
2602
2605
2609
2613
2618
2623
2628
2634
2640
2646
2649
2652
2656
2660
2665
2670
2675
2680
2686
2692
2695
2698
2702
2706
2711
2716
2721
2726
2731
2737
2740
2743
2747
2751
2756
2761
2766
2771
2776
2781
2782
2784
2787
2790
2793
2797
2801
2805
2809
2813
2814
2815
2818
2821
2824
2828
2832
2836
2840
2844
2846
2848
2851
2855
2859
2864
2869
2874
2879
2884
2886
2888
2891
2894
2898
2903
2908
2913
2918
2923
2925
2927
2930
2933
2936
2941
2946
2951
2956
2961
2964
2967
2971
2975
2979
2984
2990
2996
3002
3008
3011
3014
3018
3022
3026
3031
3036
3042
3048
3054
3057
3060
3064
3068
3072
3077
3082
3087
3093
3099
3102
3105
3109
3113
3117
3122
3127
3132
3137
3143
3146
3149
3153
3157
3161
3166
3171
3176
3181
3186
3187
3189
3192
3195
3198
3201
3205
3209
3213
3217
3218
3219
3222
3225
3228
3231
3235
3239
3243
3247
3249
3251
3254
3258
3262
3266
3271
3276
3281
3286
3288
3290
3293
3296
3300
3304
3309
3314
3319
3324
3326
3328
3331
3334
3337
3341
3346
3351
3356
3361
3363
3365
3368
3371
3374
3377
3382
3387
3392
3397
3400
3403
3407
3411
3415
3419
3424
3430
3436
3442
3445
3448
3452
3456
3460
3464
3469
3474
3480
3486
3489
3492
3496
3500
3504
3508
3513
3518
3523
3529
3532
3535
3539
3543
3547
3551
3556
3561
3566
3571
3572
3574
3577
3580
3583
3586
3589
3593
3597
3601
3602
3603
3606
3609
3612
3615
3618
3622
3626
3630
3632
3634
3637
3641
3645
3649
3653
3658
3663
3668
3670
3672
3675
3678
3682
3686
3690
3695
3700
3705
3707
3709
3712
3715
3718
3722
3726
3731
3736
3741
3743
3745
3748
3751
3754
3757
3761
3766
3771
3776
3778
3780
3783
3786
3789
3792
3795
3800
3805
3810
3813
3816
3820
3824
3828
3832
3836
3841
3847
3853
3856
3859
3863
3867
3871
3875
3879
3884
3889
3895
3898
3901
3905
3909
3913
3917
3921
3926
3931
3936
3937
3939
3942
3945
3948
3951
3954
3957
3961
3965
3966
3967
3970
3973
3976
3979
3982
3985
3989
3993
3995
3997
4000
4004
4008
4012
4016
4020
4025
4030
4032
4034
4037
4040
4044
4048
4052
4056
4061
4066
4068
4070
4073
4076
4079
4083
4087
4091
4096
4101
4103
4105
4108
4111
4114
4117
4121
4125
4130
4135
4137
4139
4142
4145
4148
4151
4154
4158
4163
4168
4170
4172
4175
4178
4181
4184
4187
4190
4195
4200
4203
4206
4210
4214
4218
4222
4226
4230
4235
4241
4244
4247
4251
4255
4259
4263
4267
4271
4276
4281
4282
4284
4287
4290
4293
4296
4299
4302
4305
4309
4310
4311
4314
4317
4320
4323
4326
4329
4332
4336
4338
4340
4343
4347
4351
4355
4359
4363
4367
4372
4374
4376
4379
4382
4386
4390
4394
4398
4402
4407
4409
4411
4414
4417
4420
4424
4428
4432
4436
4441
4443
4445
4448
4451
4454
4457
4461
4465
4469
4474
4476
4478
4481
4484
4487
4490
4493
4497
4501
4506
4508
4510
4513
4516
4519
4522
4525
4528
4532
4537
4539
4541
4544
4547
4550
4553
4556
4559
4562
4567
4570
4573
4577
4581
4585
4589
4593
4597
4601
4606
4607
4609
4612
4615
4618
4621
4624
4627
4630
4633
4634
4635
4638
4641
4644
4647
4650
4653
4656
4659
4661
4663
4666
4670
4674
4678
4682
4686
4690
4694
4696
4698
4701
4704
4708
4712
4716
4720
4724
4728
4730
4732
4735
4738
4741
4745
4749
4753
4757
4761
4763
4765
4768
4771
4774
4777
4781
4785
4789
4793
4795
4797
4800
4803
4806
4809
4812
4816
4820
4824
4826
4828
4831
4834
4837
4840
4843
4846
4850
4854
4856
4858
4861
4864
4867
4870
4873
4876
4879
4883
4885
4887
4890
4893
4896
4899
4902
4905
4908
4911
4911
4913
4915
4918
4921
4924
4927
4930
4933
4936
4937
4939
4942
4946
4950
4954
4958
4962
4966
4970
4971
4973
4975
4979
4983
4987
4991
4995
4999
5003
5005
5008
5011
5015
5020
5025
5030
5035
5040
5045
5047
5050
5053
5057
5061
5066
5071
5076
5081
5086
5088
5091
5094
5098
5102
5106
5111
5116
5121
5126
5128
5131
5134
5138
5142
5146
5150
5155
5160
5165
5167
5170
5173
5177
5181
5185
5189
5193
5198
5203
5205
5208
5211
5215
5219
5223
5227
5231
5235
5240
5242
5245
5248
5252
5256
5260
5264
5268
5272
5276
5276
5277
5279
5282
5285
5288
5291
5294
5297
5300
5300
5300
5302
5305
5308
5311
5314
5317
5320
5323
5324
5325
5327
5331
5335
5339
5343
5347
5351
5355
5357
5359
5362
5366
5371
5376
5381
5386
5391
5396
5398
5400
5403
5407
5411
5416
5421
5426
5431
5436
5438
5440
5443
5447
5451
5455
5460
5465
5470
5475
5477
5479
5482
5486
5490
5494
5498
5503
5508
5513
5515
5517
5520
5524
5528
5532
5536
5540
5545
5550
5552
5554
5557
5561
5565
5569
5573
5577
5581
5586
5588
5590
5593
5597
5601
5605
5609
5613
5617
5621
5621
5622
5623
5626
5629
5632
5635
5638
5641
5644
5644
5644
5645
5648
5651
5654
5657
5660
5663
5666
5666
5666
5666
5669
5672
5675
5678
5681
5684
5687
5689
5691
5693
5697
5702
5707
5712
5717
5722
5727
5729
5731
5733
5737
5741
5746
5751
5756
5761
5766
5768
5770
5772
5776
5780
5784
5789
5794
5799
5804
5806
5808
5810
5814
5818
5822
5826
5831
5836
5841
5843
5845
5847
5851
5855
5859
5863
5867
5872
5877
5879
5881
5883
5887
5891
5895
5899
5903
5907
5912
5914
5916
5918
5922
5926
5930
5934
5938
5942
5946
5947
5949
5951
5954
5958
5962
5966
5970
5974
5978
5979
5980
5982
5985
5989
5993
5997
6001
6005
6009
6010
6011
6012
6015
6019
6023
6027
6031
6035
6039
6041
6043
6045
6048
6053
6058
6063
6068
6073
6078
6081
6084
6087
6091
6096
6102
6108
6114
6120
6126
6129
6132
6135
6139
6144
6149
6155
6161
6167
6173
6176
6179
6182
6186
6191
6196
6201
6207
6213
6219
6222
6225
6228
6232
6237
6242
6247
6252
6258
6264
6267
6270
6273
6277
6282
6287
6292
6297
6302
6308
6311
6314
6317
6321
6326
6331
6336
6341
6346
6351
6352
6354
6356
6359
6362
6366
6370
6374
6378
6382
6383
6384
6386
6389
6392
6396
6400
6404
6408
6412
6413
6414
6415
6418
6421
6425
6429
6433
6437
6441
6443
6445
6447
6450
6454
6459
6464
6469
6474
6479
6481
6483
6485
6488
6491
6496
6501
6506
6511
6516
6519
6522
6525
6529
6533
6538
6544
6550
6556
6562
6565
6568
6571
6575
6579
6584
6589
6595
6601
6607
6610
6613
6616
6620
6624
6629
6634
6639
6645
6651
6654
6657
6660
6664
6668
6673
6678
6683
6688
6694
6697
6700
6703
6707
6711
6716
6721
6726
6731
6736
6737
6739
6741
6744
6747
6750
6754
6758
6762
6766
6767
6768
6770
6773
6776
6779
6783
6787
6791
6795
6796
6797
6798
6801
6804
6807
6811
6815
6819
6823
6825
6827
6829
6832
6836
6840
6845
6850
6855
6860
6862
6864
6866
6869
6872
6876
6881
6886
6891
6896
6898
6900
6902
6905
6908
6911
6916
6921
6926
6931
6934
6937
6940
6944
6948
6952
6957
6963
6969
6975
6978
6981
6984
6988
6992
6996
7001
7006
7012
7018
7021
7024
7027
7031
7035
7039
7044
7049
7054
7060
7063
7066
7069
7073
7077
7081
7086
7091
7096
7101
7102
7104
7106
7109
7112
7115
7118
7122
7126
7130
7131
7132
7134
7137
7140
7143
7146
7150
7154
7158
7159
7160
7161
7164
7167
7170
7173
7177
7181
7185
7187
7189
7191
7194
7198
7202
7206
7211
7216
7221
7223
7225
7227
7230
7233
7237
7241
7246
7251
7256
7258
7260
7262
7265
7268
7271
7275
7280
7285
7290
7292
7294
7296
7299
7302
7305
7308
7313
7318
7323
7326
7329
7332
7336
7340
7344
7348
7353
7359
7365
7368
7371
7374
7378
7382
7386
7390
7395
7400
7406
7409
7412
7415
7419
7423
7427
7431
7436
7441
7446
7447
7449
7451
7454
7457
7460
7463
7466
7470
7474
7475
7476
7478
7481
7484
7487
7490
7493
7497
7501
7502
7503
7504
7507
7510
7513
7516
7519
7523
7527
7529
7531
7533
7536
7540
7544
7548
7552
7557
7562
7564
7566
7568
7571
7574
7578
7582
7586
7591
7596
7598
7600
7602
7605
7608
7611
7615
7619
7624
7629
7631
7633
7635
7638
7641
7644
7647
7651
7656
7661
7663
7665
7667
7670
7673
7676
7679
7682
7687
7692
7695
7698
7701
7705
7709
7713
7717
7721
7726
7732
7735
7738
7741
7745
7749
7753
7757
7761
7766
7771
7772
7774
7776
7779
7782
7785
7788
7791
7794
7798
7799
7800
7802
7805
7808
7811
7814
7817
7820
7824
7825
7826
7827
7830
7833
7836
7839
7842
7845
7849
7851
7853
7855
7858
7862
7866
7870
7874
7878
7883
7885
7887
7889
7892
7895
7899
7903
7907
7911
7916
7918
7920
7922
7925
7928
7931
7935
7939
7943
7948
7950
7952
7954
7957
7960
7963
7966
7970
7974
7979
7981
7983
7985
7988
7991
7994
7997
8000
8004
8009
8011
8013
8015
8018
8021
8024
8027
8030
8033
8038
8041
8044
8047
8051
8055
8059
8063
8067
8071
8076
8077
8079
8081
8084
8087
8090
8093
8096
8099
8102
8103
8104
8106
8109
8112
8115
8118
8121
8124
8127
8128
8129
8130
8133
8136
8139
8142
8145
8148
8151
8153
8155
8157
8160
8164
8168
8172
8176
8180
8184
8186
8188
8190
8193
8196
8200
8204
8208
8212
8216
8218
8220
8222
8225
8228
8231
8235
8239
8243
8247
8249
8251
8253
8256
8259
8262
8265
8269
8273
8277
8279
8281
8283
8286
8289
8292
8295
8298
8302
8306
8308
8310
8312
8315
8318
8321
8324
8327
8330
8334
8336
8338
8340
8343
8346
8349
8352
8355
8358
8361
8361
8363
8365
8367
8370
8373
8376
8379
8382
8385
8386
8388
8391
8394
8398
8402
8406
8410
8414
8418
8419
8421
8423
8426
8430
8434
8438
8442
8446
8450
8451
8453
8455
8457
8461
8465
8469
8473
8477
8481
8483
8486
8489
8492
8496
8501
8506
8511
8516
8521
8523
8526
8529
8532
8536
8540
8545
8550
8555
8560
8562
8565
8568
8571
8575
8579
8583
8588
8593
8598
8600
8603
8606
8609
8613
8617
8621
8625
8630
8635
8637
8640
8643
8646
8650
8654
8658
8662
8666
8671
8673
8676
8679
8682
8686
8690
8694
8698
8702
8706
8706
8707
8709
8711
8714
8717
8720
8723
8726
8729
8729
8729
8731
8733
8736
8739
8742
8745
8748
8751
8752
8753
8755
8758
8762
8766
8770
8774
8778
8782
8783
8784
8786
8788
8792
8796
8800
8804
8808
8812
8814
8816
8819
8822
8826
8831
8836
8841
8846
8851
8853
8855
8858
8861
8865
8869
8874
8879
8884
8889
8891
8893
8896
8899
8903
8907
8911
8916
8921
8926
8928
8930
8933
8936
8940
8944
8948
8952
8957
8962
8964
8966
8969
8972
8976
8980
8984
8988
8992
8997
8999
9001
9004
9007
9011
9015
9019
9023
9027
9031
9031
9032
9033
9035
9038
9041
9044
9047
9050
9053
9053
9053
9054
9056
9059
9062
9065
9068
9071
9074
9074
9074
9074
9076
9079
9082
9085
9088
9091
9094
9095
9096
9097
9099
9103
9107
9111
9115
9119
9123
9125
9127
9129
9132
9136
9141
9146
9151
9156
9161
9163
9165
9167
9170
9174
9178
9183
9188
9193
9198
9200
9202
9204
9207
9211
9215
9219
9224
9229
9234
9236
9238
9240
9243
9247
9251
9255
9259
9264
9269
9271
9273
9275
9278
9282
9286
9290
9294
9298
9303
9305
9307
9309
9312
9316
9320
9324
9328
9332
9336
9336
9337
9338
9339
9342
9345
9348
9351
9354
9357
9357
9357
9358
9359
9362
9365
9368
9371
9374
9377
9377
9377
9377
9378
9381
9384
9387
9390
9393
9396
9396
9396
9396
9396
9399
9402
9405
9408
9411
9414
9416
9418
9420
9422
9426
9431
9436
9441
9446
9451
9453
9455
9457
9459
9463
9467
9472
9477
9482
9487
9489
9491
9493
9495
9499
9503
9507
9512
9517
9522
9524
9526
9528
9530
9534
9538
9542
9546
9551
9556
9558
9560
9562
9564
9568
9572
9576
9580
9584
9589
9591
9593
9595
9597
9601
9605
9609
9613
9617
9621
9622
9624
9626
9628
9631
9635
9639
9643
9647
9651
9652
9653
9655
9657
9660
9664
9668
9672
9676
9680
9681
9682
9683
9685
9688
9692
9696
9700
9704
9708
9709
9710
9711
9712
9715
9719
9723
9727
9731
9735
9737
9739
9741
9743
9746
9751
9756
9761
9766
9771
9774
9777
9780
9783
9787
9792
9798
9804
9810
9816
9819
9822
9825
9828
9832
9837
9842
9848
9854
9860
9863
9866
9869
9872
9876
9881
9886
9891
9897
9903
9906
9909
9912
9915
9919
9924
9929
9934
9939
9945
9948
9951
9954
9957
9961
9966
9971
9976
9981
9986
9987
9989
9991
9993
9996
9999
10003
10007
10011
10015
10016
10017
10019
10021
10024
10027
10031
10035
10039
10043
10044
10045
10046
10048
10051
10054
10058
10062
10066
10070
10071
10072
10073
10074
10077
10080
10084
10088
10092
10096
10098
10100
10102
10104
10107
10111
10116
10121
10126
10131
10133
10135
10137
10139
10142
10145
10150
10155
10160
10165
10168
10171
10174
10177
10181
10185
10190
10196
10202
10208
10211
10214
10217
10220
10224
10228
10233
10238
10244
10250
10253
10256
10259
10262
10266
10270
10275
10280
10285
10291
10294
10297
10300
10303
10307
10311
10316
10321
10326
10331
10332
10334
10336
10338
10341
10344
10347
10351
10355
10359
10360
10361
10363
10365
10368
10371
10374
10378
10382
10386
10387
10388
10389
10391
10394
10397
10400
10404
10408
10412
10413
10414
10415
10416
10419
10422
10425
10429
10433
10437
10439
10441
10443
10445
10448
10452
10456
10461
10466
10471
10473
10475
10477
10479
10482
10485
10489
10494
10499
10504
10506
10508
10510
10512
10515
10518
10521
10526
10531
10536
10539
10542
10545
10548
10552
10556
10560
10565
10571
10577
10580
10583
10586
10589
10593
10597
10601
10606
10611
10617
10620
10623
10626
10629
10633
10637
10641
10646
10651
10656
10657
10659
10661
10663
10666
10669
10672
10675
10679
10683
10684
10685
10687
10689
10692
10695
10698
10701
10705
10709
10710
10711
10712
10714
10717
10720
10723
10726
10730
10734
10735
10736
10737
10738
10741
10744
10747
10750
10754
10758
10760
10762
10764
10766
10769
10773
10777
10781
10786
10791
10793
10795
10797
10799
10802
10805
10809
10813
10818
10823
10825
10827
10829
10831
10834
10837
10840
10844
10849
10854
10856
10858
10860
10862
10865
10868
10871
10874
10879
10884
10887
10890
10893
10896
10900
10904
10908
10912
10917
10923
10926
10929
10932
10935
10939
10943
10947
10951
10956
10961
10962
10964
10966
10968
10971
10974
10977
10980
10983
10987
10988
10989
10991
10993
10996
10999
11002
11005
11008
11012
11013
11014
11015
11017
11020
11023
11026
11029
11032
11036
11037
11038
11039
11040
11043
11046
11049
11052
11055
11059
11061
11063
11065
11067
11070
11074
11078
11082
11086
11091
11093
11095
11097
11099
11102
11105
11109
11113
11117
11122
11124
11126
11128
11130
11133
11136
11139
11143
11147
11152
11154
11156
11158
11160
11163
11166
11169
11172
11176
11181
11183
11185
11187
11189
11192
11195
11198
11201
11204
11209
11212
11215
11218
11221
11225
11229
11233
11237
11241
11246
11247
11249
11251
11253
11256
11259
11262
11265
11268
11271
11272
11273
11275
11277
11280
11283
11286
11289
11292
11295
11296
11297
11298
11300
11303
11306
11309
11312
11315
11318
11319
11320
11321
11322
11325
11328
11331
11334
11337
11340
11342
11344
11346
11348
11351
11355
11359
11363
11367
11371
11373
11375
11377
11379
11382
11385
11389
11393
11397
11401
11403
11405
11407
11409
11412
11415
11418
11422
11426
11430
11432
11434
11436
11438
11441
11444
11447
11450
11454
11458
11460
11462
11464
11466
11469
11472
11475
11478
11481
11485
11487
11489
11491
11493
11496
11499
11502
11505
11508
11511
11511
11513
11515
11517
11519
11522
11525
11528
11531
11534
11535
11537
11540
11543
11546
11550
11554
11558
11562
11566
11567
11569
11571
11574
11577
11581
11585
11589
11593
11597
11598
11600
11602
11604
11607
11611
11615
11619
11623
11627
11628
11630
11632
11634
11636
11640
11644
11648
11652
11656
11658
11661
11664
11667
11670
11674
11679
11684
11689
11694
11696
11699
11702
11705
11708
11712
11716
11721
11726
11731
11733
11736
11739
11742
11745
11749
11753
11757
11762
11767
11769
11772
11775
11778
11781
11785
11789
11793
11797
11802
11804
11807
11810
11813
11816
11820
11824
11828
11832
11836
11836
11837
11839
11841
11843
11846
11849
11852
11855
11858
11858
11858
11860
11862
11864
11867
11870
11873
11876
11879
11880
11881
11883
11886
11889
11893
11897
11901
11905
11909
11910
11911
11913
11915
11918
11922
11926
11930
11934
11938
11939
11940
11942
11944
11946
11950
11954
11958
11962
11966
11968
11970
11973
11976
11979
11983
11988
11993
11998
12003
12005
12007
12010
12013
12016
12020
12024
12029
12034
12039
12041
12043
12046
12049
12052
12056
12060
12064
12069
12074
12076
12078
12081
12084
12087
12091
12095
12099
12103
12108
12110
12112
12115
12118
12121
12125
12129
12133
12137
12141
12141
12142
12143
12145
12147
12150
12153
12156
12159
12162
12162
12162
12163
12165
12167
12170
12173
12176
12179
12182
12182
12182
12182
12184
12186
12189
12192
12195
12198
12201
12202
12203
12204
12206
12209
12213
12217
12221
12225
12229
12230
12231
12232
12234
12236
12240
12244
12248
12252
12256
12258
12260
12262
12265
12268
12272
12277
12282
12287
12292
12294
12296
12298
12301
12304
12308
12312
12317
12322
12327
12329
12331
12333
12336
12339
12343
12347
12351
12356
12361
12363
12365
12367
12370
12373
12377
12381
12385
12389
12394
12396
12398
12400
12403
12406
12410
12414
12418
12422
12426
12426
12427
12428
12429
12431
12434
12437
12440
12443
12446
12446
12446
12447
12448
12450
12453
12456
12459
12462
12465
12465
12465
12465
12466
12468
12471
12474
12477
12480
12483
12483
12483
12483
12483
12485
12488
12491
12494
12497
12500
12501
12502
12503
12504
12506
12510
12514
12518
12522
12526
12528
12530
12532
12534
12537
12541
12546
12551
12556
12561
12563
12565
12567
12569
12572
12576
12580
12585
12590
12595
12597
12599
12601
12603
12606
12610
12614
12618
12623
12628
12630
12632
12634
12636
12639
12643
12647
12651
12655
12660
12662
12664
12666
12668
12671
12675
12679
12683
12687
12691
12691
12692
12693
12694
12695
12698
12701
12704
12707
12710
12710
12710
12711
12712
12713
12716
12719
12722
12725
12728
12728
12728
12728
12729
12730
12733
12736
12739
12742
12745
12745
12745
12745
12745
12746
12749
12752
12755
12758
12761
12761
12761
12761
12761
12761
12764
12767
12770
12773
12776
12778
12780
12782
12784
12786
12790
12795
12800
12805
12810
12812
12814
12816
12818
12820
12824
12828
12833
12838
12843
12845
12847
12849
12851
12853
12857
12861
12865
12870
12875
12877
12879
12881
12883
12885
12889
12893
12897
12901
12906
12908
12910
12912
12914
12916
12920
12924
12928
12932
12936
12937
12939
12941
12943
12945
12948
12952
12956
12960
12964
12965
12966
12968
12970
12972
12975
12979
12983
12987
12991
12992
12993
12994
12996
12998
13001
13005
13009
13013
13017
13018
13019
13020
13021
13023
13026
13030
13034
13038
13042
13043
13044
13045
13046
13047
13050
13054
13058
13062
13066
13068
13070
13072
13074
13076
13079
13084
13089
13094
13099
13102
13105
13108
13111
13114
13118
13123
13129
13135
13141
13144
13147
13150
13153
13156
13160
13165
13170
13176
13182
13185
13188
13191
13194
13197
13201
13206
13211
13216
13222
13225
13228
13231
13234
13237
13241
13246
13251
13256
13261
13262
13264
13266
13268
13270
13273
13276
13280
13284
13288
13289
13290
13292
13294
13296
13299
13302
13306
13310
13314
13315
13316
13317
13319
13321
13324
13327
13331
13335
13339
13340
13341
13342
13343
13345
13348
13351
13355
13359
13363
13364
13365
13366
13367
13368
13371
13374
13378
13382
13386
13388
13390
13392
13394
13396
13399
13403
13408
13413
13418
13420
13422
13424
13426
13428
13431
13434
13439
13444
13449
13452
13455
13458
13461
13464
13468
13472
13477
13483
13489
13492
13495
13498
13501
13504
13508
13512
13517
13522
13528
13531
13534
13537
13540
13543
13547
13551
13556
13561
13566
13567
13569
13571
13573
13575
13578
13581
13584
13588
13592
13593
13594
13596
13598
13600
13603
13606
13609
13613
13617
13618
13619
13620
13622
13624
13627
13630
13633
13637
13641
13642
13643
13644
13645
13647
13650
13653
13656
13660
13664
13665
13666
13667
13668
13669
13672
13675
13678
13682
13686
13688
13690
13692
13694
13696
13699
13703
13707
13712
13717
13719
13721
13723
13725
13727
13730
13733
13737
13742
13747
13749
13751
13753
13755
13757
13760
13763
13766
13771
13776
13779
13782
13785
13788
13791
13795
13799
13803
13808
13814
13817
13820
13823
13826
13829
13833
13837
13841
13846
13851
13852
13854
13856
13858
13860
13863
13866
13869
13872
13876
13877
13878
13880
13882
13884
13887
13890
13893
13896
13900
13901
13902
13903
13905
13907
13910
13913
13916
13919
13923
13924
13925
13926
13927
13929
13932
13935
13938
13941
13945
13946
13947
13948
13949
13950
13953
13956
13959
13962
13966
13968
13970
13972
13974
13976
13979
13983
13987
13991
13996
13998
14000
14002
14004
14006
14009
14012
14016
14020
14025
14027
14029
14031
14033
14035
14038
14041
14044
14048
14053
14055
14057
14059
14061
14063
14066
14069
14072
14075
14080
14083
14086
14089
14092
14095
14099
14103
14107
14111
14116
14117
14119
14121
14123
14125
14128
14131
14134
14137
14140
14141
14142
14144
14146
14148
14151
14154
14157
14160
14163
14164
14165
14166
14168
14170
14173
14176
14179
14182
14185
14186
14187
14188
14189
14191
14194
14197
14200
14203
14206
14207
14208
14209
14210
14211
14214
14217
14220
14223
14226
14228
14230
14232
14234
14236
14239
14243
14247
14251
14255
14257
14259
14261
14263
14265
14268
14271
14275
14279
14283
14285
14287
14289
14291
14293
14296
14299
14302
14306
14310
14312
14314
14316
14318
14320
14323
14326
14329
14332
14336
14338
14340
14342
14344
14346
14349
14352
14355
14358
14361
14361
14363
14365
14367
14369
14371
14374
14377
14380
14383
14384
14386
14389
14392
14395
14398
14402
14406
14410
14414
14415
14417
14419
14422
14425
14428
14432
14436
14440
14444
14445
14447
14449
14451
14454
14457
14461
14465
14469
14473
14474
14476
14478
14480
14482
14485
14489
14493
14497
14501
14502
14504
14506
14508
14510
14512
14516
14520
14524
14528
14530
14533
14536
14539
14542
14545
14549
14554
14559
14564
14566
14569
14572
14575
14578
14581
14585
14589
14594
14599
14601
14604
14607
14610
14613
14616
14620
14624
14628
14633
14635
14638
14641
14644
14647
14650
14654
14658
14662
14666
14666
14667
14669
14671
14673
14675
14678
14681
14684
14687
14687
14687
14689
14691
14693
14695
14698
14701
14704
14707
14708
14709
14711
14714
14717
14720
14724
14728
14732
14736
14737
14738
14740
14742
14745
14748
14752
14756
14760
14764
14765
14766
14768
14770
14772
14775
14779
14783
14787
14791
14792
14793
14795
14797
14799
14801
14805
14809
14813
14817
14819
14821
14824
14827
14830
14833
14837
14842
14847
14852
14854
14856
14859
14862
14865
14868
14872
14876
14881
14886
14888
14890
14893
14896
14899
14902
14906
14910
14914
14919
14921
14923
14926
14929
14932
14935
14939
14943
14947
14951
14951
14952
14953
14955
14957
14959
14962
14965
14968
14971
14971
14971
14972
14974
14976
14978
14981
14984
14987
14990
14990
14990
14990
14992
14994
14996
14999
15002
15005
15008
15009
15010
15011
15013
15016
15019
15023
15027
15031
15035
15036
15037
15038
15040
15042
15045
15049
15053
15057
15061
15062
15063
15064
15066
15068
15070
15074
15078
15082
15086
15088
15090
15092
15095
15098
15101
15105
15110
15115
15120
15122
15124
15126
15129
15132
15135
15139
15143
15148
15153
15155
15157
15159
15162
15165
15168
15172
15176
15180
15185
15187
15189
15191
15194
15197
15200
15204
15208
15212
15216
15216
15217
15218
15219
15221
15223
15226
15229
15232
15235
15235
15235
15236
15237
15239
15241
15244
15247
15250
15253
15253
15253
15253
15254
15256
15258
15261
15264
15267
15270
15270
15270
15270
15270
15272
15274
15277
15280
15283
15286
15287
15288
15289
15290
15292
15295
15299
15303
15307
15311
15312
15313
15314
15315
15317
15319
15323
15327
15331
15335
15337
15339
15341
15343
15346
15349
15353
15358
15363
15368
15370
15372
15374
15376
15379
15382
15386
15390
15395
15400
15402
15404
15406
15408
15411
15414
15418
15422
15426
15431
15433
15435
15437
15439
15442
15445
15449
15453
15457
15461
15461
15462
15463
15464
15465
15467
15470
15473
15476
15479
15479
15479
15480
15481
15482
15484
15487
15490
15493
15496
15496
15496
15496
15497
15498
15500
15503
15506
15509
15512
15512
15512
15512
15512
15513
15515
15518
15521
15524
15527
15527
15527
15527
15527
15527
15529
15532
15535
15538
15541
15542
15543
15544
15545
15546
15548
15552
15556
15560
15564
15566
15568
15570
15572
15574
15577
15581
15586
15591
15596
15598
15600
15602
15604
15606
15609
15613
15617
15622
15627
15629
15631
15633
15635
15637
15640
15644
15648
15652
15657
15659
15661
15663
15665
15667
15670
15674
15678
15682
15686
15686
15687
15688
15689
15690
15691
15694
15697
15700
15703
15703
15703
15704
15705
15706
15707
15710
15713
15716
15719
15719
15719
15719
15720
15721
15722
15725
15728
15731
15734
15734
15734
15734
15734
15735
15736
15739
15742
15745
15748
15748
15748
15748
15748
15748
15749
15752
15755
15758
15761
15761
15761
15761
15761
15761
15761
15764
15767
15770
15773
15775
15777
15779
15781
15783
15785
15789
15794
15799
15804
15806
15808
15810
15812
15814
15816
15820
15824
15829
15834
15836
15838
15840
15842
15844
15846
15850
15854
15858
15863
15865
15867
15869
15871
15873
15875
15879
15883
15887
15891
15892
15894
15896
15898
15900
15902
15905
15909
15913
15917
15918
15919
15921
15923
15925
15927
15930
15934
15938
15942
15943
15944
15945
15947
15949
15951
15954
15958
15962
15966
15967
15968
15969
15970
15972
15974
15977
15981
15985
15989
15990
15991
15992
15993
15994
15996
15999
16003
16007
16011
16012
16013
16014
16015
16016
16017
16020
16024
16028
16032
16034
16036
16038
16040
16042
16044
16047
16052
16057
16062
16065
16068
16071
16074
16077
16080
16084
16089
16095
16101
16104
16107
16110
16113
16116
16119
16123
16128
16133
16139
16142
16145
16148
16151
16154
16157
16161
16166
16171
16176
16177
16179
16181
16183
16185
16187
16190
16193
16197
16201
16202
16203
16205
16207
16209
16211
16214
16217
16221
16225
16226
16227
16228
16230
16232
16234
16237
16240
16244
16248
16249
16250
16251
16252
16254
16256
16259
16262
16266
16270
16271
16272
16273
16274
16275
16277
16280
16283
16287
16291
16292
16293
16294
16295
16296
16297
16300
16303
16307
16311
16313
16315
16317
16319
16321
16323
16326
16330
16335
16340
16342
16344
16346
16348
16350
16352
16355
16358
16363
16368
16371
16374
16377
16380
16383
16386
16390
16394
16399
16405
16408
16411
16414
16417
16420
16423
16427
16431
16436
16441
16442
16444
16446
16448
16450
16452
16455
16458
16461
16465
16466
16467
16469
16471
16473
16475
16478
16481
16484
16488
16489
16490
16491
16493
16495
16497
16500
16503
16506
16510
16511
16512
16513
16514
16516
16518
16521
16524
16527
16531
16532
16533
16534
16535
16536
16538
16541
16544
16547
16551
16552
16553
16554
16555
16556
16557
16560
16563
16566
16570
16572
16574
16576
16578
16580
16582
16585
16589
16593
16598
16600
16602
16604
16606
16608
16610
16613
16616
16620
16625
16627
16629
16631
16633
16635
16637
16640
16643
16646
16651
16654
16657
16660
16663
16666
16669
16673
16677
16681
16686
16687
16689
16691
16693
16695
16697
16700
16703
16706
16709
16710
16711
16713
16715
16717
16719
16722
16725
16728
16731
16732
16733
16734
16736
16738
16740
16743
16746
16749
16752
16753
16754
16755
16756
16758
16760
16763
16766
16769
16772
16773
16774
16775
16776
16777
16779
16782
16785
16788
16791
16792
16793
16794
16795
16796
16797
16800
16803
16806
16809
16811
16813
16815
16817
16819
16821
16824
16828
16832
16836
16838
16840
16842
16844
16846
16848
16851
16854
16858
16862
16864
16866
16868
16870
16872
16874
16877
16880
16883
16887
16889
16891
16893
16895
16897
16899
16902
16905
16908
16911
16911
16913
16915
16917
16919
16921
16923
16926
16929
16932
16933
16935
16938
16941
16944
16947
16950
16954
16958
16962
16963
16965
16967
16970
16973
16976
16979
16983
16987
16991
16992
16994
16996
16998
17001
17004
17007
17011
17015
17019
17020
17022
17024
17026
17028
17031
17034
17038
17042
17046
17047
17049
17051
17053
17055
17057
17060
17064
17068
17072
17073
17075
17077
17079
17081
17083
17085
17089
17093
17097
17099
17102
17105
17108
17111
17114
17117
17121
17126
17131
17133
17136
17139
17142
17145
17148
17151
17155
17159
17164
17166
17169
17172
17175
17178
17181
17184
17188
17192
17196
17196
17197
17199
17201
17203
17205
17207
17210
17213
17216
17216
17216
17218
17220
17222
17224
17226
17229
17232
17235
17236
17237
17239
17242
17245
17248
17251
17255
17259
17263
17264
17265
17267
17269
17272
17275
17278
17282
17286
17290
17291
17292
17294
17296
17298
17301
17304
17308
17312
17316
17317
17318
17320
17322
17324
17326
17329
17333
17337
17341
17342
17343
17345
17347
17349
17351
17353
17357
17361
17365
17367
17369
17372
17375
17378
17381
17384
17388
17393
17398
17400
17402
17405
17408
17411
17414
17417
17421
17425
17430
17432
17434
17437
17440
17443
17446
17449
17453
17457
17461
17461
17462
17463
17465
17467
17469
17471
17474
17477
17480
17480
17480
17481
17483
17485
17487
17489
17492
17495
17498
17498
17498
17498
17500
17502
17504
17506
17509
17512
17515
17516
17517
17518
17520
17523
17526
17529
17533
17537
17541
17542
17543
17544
17546
17548
17551
17554
17558
17562
17566
17567
17568
17569
17571
17573
17575
17578
17582
17586
17590
17591
17592
17593
17595
17597
17599
17601
17605
17609
17613
17615
17617
17619
17622
17625
17628
17631
17635
17640
17645
17647
17649
17651
17654
17657
17660
17663
17667
17671
17676
17678
17680
17682
17685
17688
17691
17694
17698
17702
17706
17706
17707
17708
17709
17711
17713
17715
17718
17721
17724
17724
17724
17725
17726
17728
17730
17732
17735
17738
17741
17741
17741
17741
17742
17744
17746
17748
17751
17754
17757
17757
17757
17757
17757
17759
17761
17763
17766
17769
17772
17773
17774
17775
17776
17778
17781
17784
17788
17792
17796
17797
17798
17799
17800
17802
17804
17807
17811
17815
17819
17820
17821
17822
17823
17825
17827
17829
17833
17837
17841
17843
17845
17847
17849
17852
17855
17858
17862
17867
17872
17874
17876
17878
17880
17883
17886
17889
17893
17897
17902
17904
17906
17908
17910
17913
17916
17919
17923
17927
17931
17931
17932
17933
17934
17935
17937
17939
17942
17945
17948
17948
17948
17949
17950
17951
17953
17955
17958
17961
17964
17964
17964
17964
17965
17966
17968
17970
17973
17976
17979
17979
17979
17979
17979
17980
17982
17984
17987
17990
17993
17993
17993
17993
17993
17993
17995
17997
18000
18003
18006
18007
18008
18009
18010
18011
18013
18016
18020
18024
18028
18029
18030
18031
18032
18033
18035
18037
18041
18045
18049
18051
18053
18055
18057
18059
18062
18065
18069
18074
18079
18081
18083
18085
18087
18089
18092
18095
18099
18103
18108
18110
18112
18114
18116
18118
18121
18124
18128
18132
18136
18136
18137
18138
18139
18140
18141
18143
18146
18149
18152
18152
18152
18153
18154
18155
18156
18158
18161
18164
18167
18167
18167
18167
18168
18169
18170
18172
18175
18178
18181
18181
18181
18181
18181
18182
18183
18185
18188
18191
18194
18194
18194
18194
18194
18194
18195
18197
18200
18203
18206
18206
18206
18206
18206
18206
18206
18208
18211
18214
18217
18218
18219
18220
18221
18222
18223
18225
18229
18233
18237
18239
18241
18243
18245
18247
18249
18252
18256
18261
18266
18268
18270
18272
18274
18276
18278
18281
18285
18289
18294
18296
18298
18300
18302
18304
18306
18309
18313
18317
18321
18321
18322
18323
18324
18325
18326
18327
18330
18333
18336
18336
18336
18337
18338
18339
18340
18341
18344
18347
18350
18350
18350
18350
18351
18352
18353
18354
18357
18360
18363
18363
18363
18363
18363
18364
18365
18366
18369
18372
18375
18375
18375
18375
18375
18375
18376
18377
18380
18383
18386
18386
18386
18386
18386
18386
18386
18387
18390
18393
18396
18396
18396
18396
18396
18396
18396
18396
18399
18402
18405
18407
18409
18411
18413
18415
18417
18419
18423
18428
18433
18435
18437
18439
18441
18443
18445
18447
18451
18455
18460
18462
18464
18466
18468
18470
18472
18474
18478
18482
18486
18487
18489
18491
18493
18495
18497
18499
18502
18506
18510
18511
18512
18514
18516
18518
18520
18522
18525
18529
18533
18534
18535
18536
18538
18540
18542
18544
18547
18551
18555
18556
18557
18558
18559
18561
18563
18565
18568
18572
18576
18577
18578
18579
18580
18581
18583
18585
18588
18592
18596
18597
18598
18599
18600
18601
18602
18604
18607
18611
18615
18616
18617
18618
18619
18620
18621
18622
18625
18629
18633
18635
18637
18639
18641
18643
18645
18647
18650
18655
18660
18663
18666
18669
18672
18675
18678
18681
18685
18690
18696
18699
18702
18705
18708
18711
18714
18717
18721
18726
18731
18732
18734
18736
18738
18740
18742
18744
18747
18750
18754
18755
18756
18758
18760
18762
18764
18766
18769
18772
18776
18777
18778
18779
18781
18783
18785
18787
18790
18793
18797
18798
18799
18800
18801
18803
18805
18807
18810
18813
18817
18818
18819
18820
18821
18822
18824
18826
18829
18832
18836
18837
18838
18839
18840
18841
18842
18844
18847
18850
18854
18855
18856
18857
18858
18859
18860
18861
18864
18867
18871
18873
18875
18877
18879
18881
18883
18885
18888
18892
18897
18899
18901
18903
18905
18907
18909
18911
18914
18917
18922
18925
18928
18931
18934
18937
18940
18943
18947
18951
18956
18957
18959
18961
18963
18965
18967
18969
18972
18975
18978
18979
18980
18982
18984
18986
18988
18990
18993
18996
18999
19000
19001
19002
19004
19006
19008
19010
19013
19016
19019
19020
19021
19022
19023
19025
19027
19029
19032
19035
19038
19039
19040
19041
19042
19043
19045
19047
19050
19053
19056
19057
19058
19059
19060
19061
19062
19064
19067
19070
19073
19074
19075
19076
19077
19078
19079
19080
19083
19086
19089
19091
19093
19095
19097
19099
19101
19103
19106
19110
19114
19116
19118
19120
19122
19124
19126
19128
19131
19134
19138
19140
19142
19144
19146
19148
19150
19152
19155
19158
19161
19161
19163
19165
19167
19169
19171
19173
19175
19178
19181
19182
19184
19187
19190
19193
19196
19199
19202
19206
19210
19211
19213
19215
19218
19221
19224
19227
19230
19234
19238
19239
19241
19243
19245
19248
19251
19254
19257
19261
19265
19266
19268
19270
19272
19274
19277
19280
19283
19287
19291
19292
19294
19296
19298
19300
19302
19305
19308
19312
19316
19317
19319
19321
19323
19325
19327
19329
19332
19336
19340
19341
19343
19345
19347
19349
19351
19353
19355
19359
19363
19365
19368
19371
19374
19377
19380
19383
19386
19390
19395
19397
19400
19403
19406
19409
19412
19415
19418
19422
19426
19426
19427
19429
19431
19433
19435
19437
19439
19442
19445
19445
19445
19447
19449
19451
19453
19455
19457
19460
19463
19464
19465
19467
19470
19473
19476
19479
19482
19486
19490
19491
19492
19494
19496
19499
19502
19505
19508
19512
19516
19517
19518
19520
19522
19524
19527
19530
19533
19537
19541
19542
19543
19545
19547
19549
19551
19554
19557
19561
19565
19566
19567
19569
19571
19573
19575
19577
19580
19584
19588
19589
19590
19592
19594
19596
19598
19600
19602
19606
19610
19612
19614
19617
19620
19623
19626
19629
19632
19636
19641
19643
19645
19648
19651
19654
19657
19660
19663
19667
19671
19671
19672
19673
19675
19677
19679
19681
19683
19686
19689
19689
19689
19690
19692
19694
19696
19698
19700
19703
19706
19706
19706
19706
19708
19710
19712
19714
19716
19719
19722
19723
19724
19725
19727
19730
19733
19736
19739
19743
19747
19748
19749
19750
19752
19754
19757
19760
19763
19767
19771
19772
19773
19774
19776
19778
19780
19783
19786
19790
19794
19795
19796
19797
19799
19801
19803
19805
19808
19812
19816
19817
19818
19819
19821
19823
19825
19827
19829
19833
19837
19839
19841
19843
19846
19849
19852
19855
19858
19862
19867
19869
19871
19873
19876
19879
19882
19885
19888
19892
19896
19896
19897
19898
19899
19901
19903
19905
19907
19910
19913
19913
19913
19914
19915
19917
19919
19921
19923
19926
19929
19929
19929
19929
19930
19932
19934
19936
19938
19941
19944
19944
19944
19944
19944
19946
19948
19950
19952
19955
19958
19959
19960
19961
19962
19964
19967
19970
19973
19977
19981
19982
19983
19984
19985
19987
19989
19992
19995
19999
20003
20004
20005
20006
20007
20009
20011
20013
20016
20020
20024
20025
20026
20027
20028
20030
20032
20034
20036
20040
20044
20046
20048
20050
20052
20055
20058
20061
20064
20068
20073
20075
20077
20079
20081
20084
20087
20090
20093
20097
20101
20101
20102
20103
20104
20105
20107
20109
20111
20114
20117
20117
20117
20118
20119
20120
20122
20124
20126
20129
20132
20132
20132
20132
20133
20134
20136
20138
20140
20143
20146
20146
20146
20146
20146
20147
20149
20151
20153
20156
20159
20159
20159
20159
20159
20159
20161
20163
20165
20168
20171
20172
20173
20174
20175
20176
20178
20181
20184
20188
20192
20193
20194
20195
20196
20197
20199
20201
20204
20208
20212
20213
20214
20215
20216
20217
20219
20221
20223
20227
20231
20233
20235
20237
20239
20241
20244
20247
20250
20254
20259
20261
20263
20265
20267
20269
20272
20275
20278
20282
20286
20286
20287
20288
20289
20290
20291
20293
20295
20298
20301
20301
20301
20302
20303
20304
20305
20307
20309
20312
20315
20315
20315
20315
20316
20317
20318
20320
20322
20325
20328
20328
20328
20328
20328
20329
20330
20332
20334
20337
20340
20340
20340
20340
20340
20340
20341
20343
20345
20348
20351
20351
20351
20351
20351
20351
20351
20353
20355
20358
20361
20362
20363
20364
20365
20366
20367
20369
20372
20376
20380
20381
20382
20383
20384
20385
20386
20388
20390
20394
20398
20400
20402
20404
20406
20408
20410
20413
20416
20420
20425
20427
20429
20431
20433
20435
20437
20440
20443
20447
20451
20451
20452
20453
20454
20455
20456
20457
20459
20462
20465
20465
20465
20466
20467
20468
20469
20470
20472
20475
20478
20478
20478
20478
20479
20480
20481
20482
20484
20487
20490
20490
20490
20490
20490
20491
20492
20493
20495
20498
20501
20501
20501
20501
20501
20501
20502
20503
20505
20508
20511
20511
20511
20511
20511
20511
20511
20512
20514
20517
20520
20520
20520
20520
20520
20520
20520
20520
20522
20525
20528
20529
20530
20531
20532
20533
20534
20535
20537
20541
20545
20547
20549
20551
20553
20555
20557
20559
20562
20566
20571
20573
20575
20577
20579
20581
20583
20585
20588
20592
20596
20596
20597
20598
20599
20600
20601
20602
20603
20606
20609
20609
20609
20610
20611
20612
20613
20614
20615
20618
20621
20621
20621
20621
20622
20623
20624
20625
20626
20629
20632
20632
20632
20632
20632
20633
20634
20635
20636
20639
20642
20642
20642
20642
20642
20642
20643
20644
20645
20648
20651
20651
20651
20651
20651
20651
20651
20652
20653
20656
20659
20659
20659
20659
20659
20659
20659
20659
20660
20663
20666
20666
20666
20666
20666
20666
20666
20666
20666
20669
20672
20674
20676
20678
20680
20682
20684
20686
20688
20692
20697
20699
20701
20703
20705
20707
20709
20711
20713
20717
20721
20722
20724
20726
20728
20730
20732
20734
20736
20739
20743
20744
20745
20747
20749
20751
20753
20755
20757
20760
20764
20765
20766
20767
20769
20771
20773
20775
20777
20780
20784
20785
20786
20787
20788
20790
20792
20794
20796
20799
20803
20804
20805
20806
20807
20808
20810
20812
20814
20817
20821
20822
20823
20824
20825
20826
20827
20829
20831
20834
20838
20839
20840
20841
20842
20843
20844
20845
20847
20850
20854
20855
20856
20857
20858
20859
20860
20861
20862
20865
20869
20871
20873
20875
20877
20879
20881
20883
20885
20888
20893
20896
20899
20902
20905
20908
20911
20914
20917
20921
20926
20927
20929
20931
20933
20935
20937
20939
20941
20944
20947
20948
20949
20951
20953
20955
20957
20959
20961
20964
20967
20968
20969
20970
20972
20974
20976
20978
20980
20983
20986
20987
20988
20989
20990
20992
20994
20996
20998
21001
21004
21005
21006
21007
21008
21009
21011
21013
21015
21018
21021
21022
21023
21024
21025
21026
21027
21029
21031
21034
21037
21038
21039
21040
21041
21042
21043
21044
21046
21049
21052
21053
21054
21055
21056
21057
21058
21059
21060
21063
21066
21068
21070
21072
21074
21076
21078
21080
21082
21085
21089
21091
21093
21095
21097
21099
21101
21103
21105
21108
21111
21111
21113
21115
21117
21119
21121
21123
21125
21127
21130
21131
21133
21136
21139
21142
21145
21148
21151
21154
21158
21159
21161
21163
21166
21169
21172
21175
21178
21181
21185
21186
21188
21190
21192
21195
21198
21201
21204
21207
21211
21212
21214
21216
21218
21220
21223
21226
21229
21232
21236
21237
21239
21241
21243
21245
21247
21250
21253
21256
21260
21261
21263
21265
21267
21269
21271
21273
21276
21279
21283
21284
21286
21288
21290
21292
21294
21296
21298
21301
21305
21306
21308
21310
21312
21314
21316
21318
21320
21322
21326
21328
21331
21334
21337
21340
21343
21346
21349
21352
21356
21356
21357
21359
21361
21363
21365
21367
21369
21371
21374
21374
21374
21376
21378
21380
21382
21384
21386
21388
21391
21392
21393
21395
21398
21401
21404
21407
21410
21413
21417
21418
21419
21421
21423
21426
21429
21432
21435
21438
21442
21443
21444
21446
21448
21450
21453
21456
21459
21462
21466
21467
21468
21470
21472
21474
21476
21479
21482
21485
21489
21490
21491
21493
21495
21497
21499
21501
21504
21507
21511
21512
21513
21515
21517
21519
21521
21523
21525
21528
21532
21533
21534
21536
21538
21540
21542
21544
21546
21548
21552
21554
21556
21559
21562
21565
21568
21571
21574
21577
21581
21581
21582
21583
21585
21587
21589
21591
21593
21595
21598
21598
21598
21599
21601
21603
21605
21607
21609
21611
21614
21614
21614
21614
21616
21618
21620
21622
21624
21626
21629
21630
21631
21632
21634
21637
21640
21643
21646
21649
21653
21654
21655
21656
21658
21660
21663
21666
21669
21672
21676
21677
21678
21679
21681
21683
21685
21688
21691
21694
21698
21699
21700
21701
21703
21705
21707
21709
21712
21715
21719
21720
21721
21722
21724
21726
21728
21730
21732
21735
21739
21740
21741
21742
21744
21746
21748
21750
21752
21754
21758
21760
21762
21764
21767
21770
21773
21776
21779
21782
21786
21786
21787
21788
21789
21791
21793
21795
21797
21799
21802
21802
21802
21803
21804
21806
21808
21810
21812
21814
21817
21817
21817
21817
21818
21820
21822
21824
21826
21828
21831
21831
21831
21831
21831
21833
21835
21837
21839
21841
21844
21845
21846
21847
21848
21850
21853
21856
21859
21862
21866
21867
21868
21869
21870
21872
21874
21877
21880
21883
21887
21888
21889
21890
21891
21893
21895
21897
21900
21903
21907
21908
21909
21910
21911
21913
21915
21917
21919
21922
21926
21927
21928
21929
21930
21932
21934
21936
21938
21940
21944
21946
21948
21950
21952
21955
21958
21961
21964
21967
21971
21971
21972
21973
21974
21975
21977
21979
21981
21983
21986
21986
21986
21987
21988
21989
21991
21993
21995
21997
22000
22000
22000
22000
22001
22002
22004
22006
22008
22010
22013
22013
22013
22013
22013
22014
22016
22018
22020
22022
22025
22025
22025
22025
22025
22025
22027
22029
22031
22033
22036
22037
22038
22039
22040
22041
22043
22046
22049
22052
22056
22057
22058
22059
22060
22061
22063
22065
22068
22071
22075
22076
22077
22078
22079
22080
22082
22084
22086
22089
22093
22094
22095
22096
22097
22098
22100
22102
22104
22106
22110
22112
22114
22116
22118
22120
22123
22126
22129
22132
22136
22136
22137
22138
22139
22140
22141
22143
22145
22147
22150
22150
22150
22151
22152
22153
22154
22156
22158
22160
22163
22163
22163
22163
22164
22165
22166
22168
22170
22172
22175
22175
22175
22175
22175
22176
22177
22179
22181
22183
22186
22186
22186
22186
22186
22186
22187
22189
22191
22193
22196
22196
22196
22196
22196
22196
22196
22198
22200
22202
22205
22206
22207
22208
22209
22210
22211
22213
22216
22219
22223
22224
22225
22226
22227
22228
22229
22231
22233
22236
22240
22241
22242
22243
22244
22245
22246
22248
22250
22252
22256
22258
22260
22262
22264
22266
22268
22271
22274
22277
22281
22281
22282
22283
22284
22285
22286
22287
22289
22291
22294
22294
22294
22295
22296
22297
22298
22299
22301
22303
22306
22306
22306
22306
22307
22308
22309
22310
22312
22314
22317
22317
22317
22317
22317
22318
22319
22320
22322
22324
22327
22327
22327
22327
22327
22327
22328
22329
22331
22333
22336
22336
22336
22336
22336
22336
22336
22337
22339
22341
22344
22344
22344
22344
22344
22344
22344
22344
22346
22348
22351
22352
22353
22354
22355
22356
22357
22358
22360
22363
22367
22368
22369
22370
22371
22372
22373
22374
22376
22378
22382
22384
22386
22388
22390
22392
22394
22396
22399
22402
22406
22406
22407
22408
22409
22410
22411
22412
22413
22415
22418
22418
22418
22419
22420
22421
22422
22423
22424
22426
22429
22429
22429
22429
22430
22431
22432
22433
22434
22436
22439
22439
22439
22439
22439
22440
22441
22442
22443
22445
22448
22448
22448
22448
22448
22448
22449
22450
22451
22453
22456
22456
22456
22456
22456
22456
22456
22457
22458
22460
22463
22463
22463
22463
22463
22463
22463
22463
22464
22466
22469
22469
22469
22469
22469
22469
22469
22469
22469
22471
22474
22475
22476
22477
22478
22479
22480
22481
22482
22484
22488
22490
22492
22494
22496
22498
22500
22502
22504
22507
22511
22511
22512
22513
22514
22515
22516
22517
22518
22519
22522
22522
22522
22523
22524
22525
22526
22527
22528
22529
22532
22532
22532
22532
22533
22534
22535
22536
22537
22538
22541
22541
22541
22541
22541
22542
22543
22544
22545
22546
22549
22549
22549
22549
22549
22549
22550
22551
22552
22553
22556
22556
22556
22556
22556
22556
22556
22557
22558
22559
22562
22562
22562
22562
22562
22562
22562
22562
22563
22564
22567
22567
22567
22567
22567
22567
22567
22567
22567
22568
22571
22571
22571
22571
22571
22571
22571
22571
22571
22571
22574
22576
22578
22580
22582
22584
22586
22588
22590
22592
22596
22597
22599
22601
22603
22605
22607
22609
22611
22613
22616
22617
22618
22620
22622
22624
22626
22628
22630
22632
22635
22636
22637
22638
22640
22642
22644
22646
22648
22650
22653
22654
22655
22656
22657
22659
22661
22663
22665
22667
22670
22671
22672
22673
22674
22675
22677
22679
22681
22683
22686
22687
22688
22689
22690
22691
22692
22694
22696
22698
22701
22702
22703
22704
22705
22706
22707
22708
22710
22712
22715
22716
22717
22718
22719
22720
22721
22722
22723
22725
22728
22729
22730
22731
22732
22733
22734
22735
22736
22737
22740
22742
22744
22746
22748
22750
22752
22754
22756
22758
22761
22761
22763
22765
22767
22769
22771
22773
22775
22777
22779
22780
22782
22785
22788
22791
22794
22797
22800
22803
22806
22807
22809
22811
22814
22817
22820
22823
22826
22829
22832
22833
22835
22837
22839
22842
22845
22848
22851
22854
22857
22858
22860
22862
22864
22866
22869
22872
22875
22878
22881
22882
22884
22886
22888
22890
22892
22895
22898
22901
22904
22905
22907
22909
22911
22913
22915
22917
22920
22923
22926
22927
22929
22931
22933
22935
22937
22939
22941
22944
22947
22948
22950
22952
22954
22956
22958
22960
22962
22964
22967
22968
22970
22972
22974
22976
22978
22980
22982
22984
22986
22986
22987
22989
22991
22993
22995
22997
22999
23001
23003
23003
23003
23005
23007
23009
23011
23013
23015
23017
23019
23020
23021
23023
23026
23029
23032
23035
23038
23041
23044
23045
23046
23048
23050
23053
23056
23059
23062
23065
23068
23069
23070
23072
23074
23076
23079
23082
23085
23088
23091
23092
23093
23095
23097
23099
23101
23104
23107
23110
23113
23114
23115
23117
23119
23121
23123
23125
23128
23131
23134
23135
23136
23138
23140
23142
23144
23146
23148
23151
23154
23155
23156
23158
23160
23162
23164
23166
23168
23170
23173
23174
23175
23177
23179
23181
23183
23185
23187
23189
23191
23191
23192
23193
23195
23197
23199
23201
23203
23205
23207
23207
23207
23208
23210
23212
23214
23216
23218
23220
23222
23222
23222
23222
23224
23226
23228
23230
23232
23234
23236
23237
23238
23239
23241
23244
23247
23250
23253
23256
23259
23260
23261
23262
23264
23266
23269
23272
23275
23278
23281
23282
23283
23284
23286
23288
23290
23293
23296
23299
23302
23303
23304
23305
23307
23309
23311
23313
23316
23319
23322
23323
23324
23325
23327
23329
23331
23333
23335
23338
23341
23342
23343
23344
23346
23348
23350
23352
23354
23356
23359
23360
23361
23362
23364
23366
23368
23370
23372
23374
23376
23376
23377
23378
23379
23381
23383
23385
23387
23389
23391
23391
23391
23392
23393
23395
23397
23399
23401
23403
23405
23405
23405
23405
23406
23408
23410
23412
23414
23416
23418
23418
23418
23418
23418
23420
23422
23424
23426
23428
23430
23431
23432
23433
23434
23436
23439
23442
23445
23448
23451
23452
23453
23454
23455
23457
23459
23462
23465
23468
23471
23472
23473
23474
23475
23477
23479
23481
23484
23487
23490
23491
23492
23493
23494
23496
23498
23500
23502
23505
23508
23509
23510
23511
23512
23514
23516
23518
23520
23522
23525
23526
23527
23528
23529
23531
23533
23535
23537
23539
23541
23541
23542
23543
23544
23545
23547
23549
23551
23553
23555
23555
23555
23556
23557
23558
23560
23562
23564
23566
23568
23568
23568
23568
23569
23570
23572
23574
23576
23578
23580
23580
23580
23580
23580
23581
23583
23585
23587
23589
23591
23591
23591
23591
23591
23591
23593
23595
23597
23599
23601
23602
23603
23604
23605
23606
23608
23611
23614
23617
23620
23621
23622
23623
23624
23625
23627
23629
23632
23635
23638
23639
23640
23641
23642
23643
23645
23647
23649
23652
23655
23656
23657
23658
23659
23660
23662
23664
23666
23668
23671
23672
23673
23674
23675
23676
23678
23680
23682
23684
23686
23686
23687
23688
23689
23690
23691
23693
23695
23697
23699
23699
23699
23700
23701
23702
23703
23705
23707
23709
23711
23711
23711
23711
23712
23713
23714
23716
23718
23720
23722
23722
23722
23722
23722
23723
23724
23726
23728
23730
23732
23732
23732
23732
23732
23732
23733
23735
23737
23739
23741
23741
23741
23741
23741
23741
23741
23743
23745
23747
23749
23750
23751
23752
23753
23754
23755
23757
23760
23763
23766
23767
23768
23769
23770
23771
23772
23774
23776
23779
23782
23783
23784
23785
23786
23787
23788
23790
23792
23794
23797
23798
23799
23800
23801
23802
23803
23805
23807
23809
23811
23811
23812
23813
23814
23815
23816
23817
23819
23821
23823
23823
23823
23824
23825
23826
23827
23828
23830
23832
23834
23834
23834
23834
23835
23836
23837
23838
23840
23842
23844
23844
23844
23844
23844
23845
23846
23847
23849
23851
23853
23853
23853
23853
23853
23853
23854
23855
23857
23859
23861
23861
23861
23861
23861
23861
23861
23862
23864
23866
23868
23868
23868
23868
23868
23868
23868
23868
23870
23872
23874
23875
23876
23877
23878
23879
23880
23881
23883
23886
23889
23890
23891
23892
23893
23894
23895
23896
23898
23900
23903
23904
23905
23906
23907
23908
23909
23910
23912
23914
23916
23916
23917
23918
23919
23920
23921
23922
23923
23925
23927
23927
23927
23928
23929
23930
23931
23932
23933
23935
23937
23937
23937
23937
23938
23939
23940
23941
23942
23944
23946
23946
23946
23946
23946
23947
23948
23949
23950
23952
23954
23954
23954
23954
23954
23954
23955
23956
23957
23959
23961
23961
23961
23961
23961
23961
23961
23962
23963
23965
23967
23967
23967
23967
23967
23967
23967
23967
23968
23970
23972
23972
23972
23972
23972
23972
23972
23972
23972
23974
23976
23977
23978
23979
23980
23981
23982
23983
23984
23986
23989
23990
23991
23992
23993
23994
23995
23996
23997
23999
24001
24001
24002
24003
24004
24005
24006
24007
24008
24009
24011
24011
24011
24012
24013
24014
24015
24016
24017
24018
24020
24020
24020
24020
24021
24022
24023
24024
24025
24026
24028
24028
24028
24028
24028
24029
24030
24031
24032
24033
24035
24035
24035
24035
24035
24035
24036
24037
24038
24039
24041
24041
24041
24041
24041
24041
24041
24042
24043
24044
24046
24046
24046
24046
24046
24046
24046
24046
24047
24048
24050
24050
24050
24050
24050
24050
24050
24050
24050
24051
24053
24053
24053
24053
24053
24053
24053
24053
24053
24053
24055
24056
24057
24058
24059
24060
24061
24062
24063
24064
24066
24066
24067
24068
24069
24070
24071
24072
24073
24074
24075
24075
24075
24076
24077
24078
24079
24080
24081
24082
24083
24083
24083
24083
24084
24085
24086
24087
24088
24089
24090
24090
24090
24090
24090
24091
24092
24093
24094
24095
24096
24096
24096
24096
24096
24096
24097
24098
24099
24100
24101
24101
24101
24101
24101
24101
24101
24102
24103
24104
24105
24105
24105
24105
24105
24105
24105
24105
24106
24107
24108
24108
24108
24108
24108
24108
24108
24108
24108
24109
24110
24110
24110
24110
24110
24110
24110
24110
24110
24110
24111
24111
24111
24111
24111
24111
24111
24111
24111
24111
24111
24111
